sess_name ='Retrieval Practice';
names{1}   = ['NR'];
onsets{1}    = [0.000000 7.997000 53.007000 62.003000 87.007000 94.005000 137.002000 144.012000 153.009000 161.006000 171.002000 192.007000 200.004000 207.002000 240.002000 247.999000 ];
durations{1}    = [4.000000 4.000000 4.000000 4.000000 4.000000 4.000000 4.000000 4.000000 4.000000 4.000000 4.000000 4.000000 4.000000 4.000000 4.000000 4.000000 ];
names{2}   = ['RR'];
onsets{2}    = [16.008000 23.005000 29.003000 37.000000 45.010000 70.000000 78.011000 102.002000 108.999000 118.009000 128.005000 178.999000 186.010000 215.998000 225.008000 232.006000 ];
durations{2}    = [4.000000 4.000000 4.000000 4.000000 4.000000 4.000000 4.000000 4.000000 4.000000 4.000000 4.000000 4.000000 4.000000 4.000000 4.000000 4.000000 ];
rest_exists  = 1;
save task_design.mat sess_name names onsets durations rest_exists
