sess_name ='Retrieval Practice';
names{1}   = ['NR'];
onsets{1}    = [0.000000 7.997000 14.995000 22.005000 30.002000 83.995000 117.996000 127.005000 135.002000 142.000000 149.997000 182.997000 191.994000 199.005000 207.002000 248.999000 ];
durations{1}    = [4.000000 4.000000 4.000000 4.000000 4.000000 4.000000 4.000000 4.000000 4.000000 4.000000 4.000000 4.000000 4.000000 4.000000 4.000000 4.000000 ];
names{2}   = ['RR'];
onsets{2}    = [39.998000 46.996000 53.007000 61.004000 69.001000 74.998000 93.005000 102.002000 109.999000 157.994000 167.004000 175.001000 216.998000 224.995000 232.006000 241.002000 ];
durations{2}    = [4.000000 4.000000 4.000000 4.000000 4.000000 4.000000 4.000000 4.000000 4.000000 4.000000 4.000000 4.000000 4.000000 4.000000 4.000000 4.000000 ];
rest_exists  = 1;
save task_design.mat sess_name names onsets durations rest_exists
