sess_name ='Retrieval Practice';
names{1}   = ['NR'];
onsets{1}    = [7.997000 47.995000 54.993000 65.002000 72.000000 80.996000 89.993000 127.005000 136.002000 142.000000 148.997000 198.005000 206.002000 233.005000 241.002000 248.000000 ];
durations{1}    = [4.000000 4.000000 4.000000 4.000000 4.000000 4.000000 4.000000 4.000000 4.000000 4.000000 4.000000 4.000000 4.000000 4.000000 4.000000 4.000000 ];
names{2}   = ['RR'];
onsets{2}    = [0.000000 14.995000 23.005000 32.002000 39.998000 97.004000 103.001000 111.998000 119.995000 156.994000 165.004000 173.001000 181.998000 189.995000 213.999000 223.995000 ];
durations{2}    = [4.000000 4.000000 4.000000 4.000000 4.000000 4.000000 4.000000 4.000000 4.000000 4.000000 4.000000 4.000000 4.000000 4.000000 4.000000 4.000000 ];
rest_exists  = 1;
save task_design.mat sess_name names onsets durations rest_exists
