sess_name ='Retrieval Practice';
names{1}   = ['NR'];
onsets{1}    = [17.007000 24.004000 32.001000 41.011000 75.012000 85.008000 91.006000 115.010000 123.007000 132.003000 168.003000 191.008000 199.005000 206.002000 213.999000 222.009000 ];
durations{1}    = [4.000000 4.000000 4.000000 4.000000 4.000000 4.000000 4.000000 4.000000 4.000000 4.000000 4.000000 4.000000 4.000000 4.000000 4.000000 4.000000 ];
names{2}   = ['RR'];
onsets{2}    = [0.000000 9.010000 49.008000 58.005000 66.002000 99.016000 107.000000 141.000000 147.011000 154.008000 161.006000 176.000000 183.011000 230.006000 237.004000 246.000000 ];
durations{2}    = [4.000000 4.000000 4.000000 4.000000 4.000000 4.000000 4.000000 4.000000 4.000000 4.000000 4.000000 4.000000 4.000000 4.000000 4.000000 4.000000 ];
rest_exists  = 1;
save task_design.mat sess_name names onsets durations rest_exists
