sess_name ='Retrieval Practice';
names{1}   = ['NR'];
onsets{1}    = [15.994000 24.004000 49.994000 57.005000 67.001000 72.999000 113.997000 121.994000 129.004000 172.001000 180.998000 207.002000 214.998000 222.995000 239.003000 247.000000 ];
durations{1}    = [4.000000 4.000000 4.000000 4.000000 4.000000 4.000000 4.000000 4.000000 4.000000 4.000000 4.000000 4.000000 4.000000 4.000000 4.000000 4.000000 ];
names{2}   = ['RR'];
onsets{2}    = [0.000000 7.997000 31.002000 39.998000 80.996000 89.993000 98.003000 106.999000 137.001000 143.999000 151.996000 157.993000 165.004000 189.995000 199.005000 231.006000 ];
durations{2}    = [4.000000 4.000000 4.000000 4.000000 4.000000 4.000000 4.000000 4.000000 4.000000 4.000000 4.000000 4.000000 4.000000 4.000000 4.000000 4.000000 ];
rest_exists  = 1;
save task_design.mat sess_name names onsets durations rest_exists
