sess_name ='Retrieval Practice';
names{1}   = ['NR'];
onsets{1}    = [0.000000 17.007000 24.004000 55.006000 62.003000 71.000000 78.997000 88.007000 132.003000 138.001000 144.998000 154.008000 201.004000 209.001000 226.007000 232.005000 ];
durations{1}    = [4.000000 4.000000 4.000000 4.000000 4.000000 4.000000 4.000000 4.000000 4.000000 4.000000 4.000000 4.000000 4.000000 4.000000 4.000000 4.000000 ];
names{2}   = ['RR'];
onsets{2}    = [9.010000 31.002000 39.998000 48.008000 98.003000 106.000000 116.009000 124.006000 162.005000 170.002000 177.999000 186.009000 194.006000 217.997000 239.003000 247.999000 ];
durations{2}    = [4.000000 4.000000 4.000000 4.000000 4.000000 4.000000 4.000000 4.000000 4.000000 4.000000 4.000000 4.000000 4.000000 4.000000 4.000000 4.000000 ];
rest_exists  = 1;
save task_design.mat sess_name names onsets durations rest_exists
