sess_name ='Retrieval Practice';
names{1}   = ['NR'];
onsets{1}    = [14.994000 22.005000 31.001000 36.999000 68.001000 75.998000 99.002000 107.999000 148.997000 158.993000 165.004000 173.001000 215.998000 229.992000 240.002000 247.999000 ];
durations{1}    = [4.000000 4.000000 4.000000 4.000000 4.000000 4.000000 4.000000 4.000000 4.000000 4.000000 4.000000 4.000000 4.000000 4.000000 4.000000 4.000000 ];
names{2}   = ['RR'];
onsets{2}    = [0.000000 7.997000 43.996000 50.994000 59.004000 83.995000 91.992000 116.995000 124.992000 133.003000 141.000000 180.998000 189.994000 199.004000 207.001000 222.995000 ];
durations{2}    = [4.000000 4.000000 4.000000 4.000000 4.000000 4.000000 4.000000 4.000000 4.000000 4.000000 4.000000 4.000000 4.000000 4.000000 4.000000 4.000000 ];
rest_exists  = 1;
save task_design.mat sess_name names onsets durations rest_exists
