sess_name ='Retrieval Practice';
names{1}   = ['NR'];
onsets{1}    = [0.000000 8.996000 14.994000 66.001000 73.998000 81.995000 90.005000 111.997000 120.994000 143.998000 150.996000 159.006000 198.004000 206.001000 213.998000 221.995000 ];
durations{1}    = [4.000000 4.000000 4.000000 4.000000 4.000000 4.000000 4.000000 4.000000 4.000000 4.000000 4.000000 4.000000 4.000000 4.000000 4.000000 4.000000 ];
names{2}   = ['RR'];
onsets{2}    = [24.004000 33.000000 40.997000 47.995000 56.005000 98.002000 105.000000 130.004000 137.001000 167.003000 173.001000 180.998000 189.994000 229.006000 237.003000 246.999000 ];
durations{2}    = [4.000000 4.000000 4.000000 4.000000 4.000000 4.000000 4.000000 4.000000 4.000000 4.000000 4.000000 4.000000 4.000000 4.000000 4.000000 4.000000 ];
rest_exists  = 1;
save task_design.mat sess_name names onsets durations rest_exists
